0.028207,	torso,	0.664690,	-0.786011,	1.139859,	0.650172,	-0.810186,	1.139246
0.264537,	torso,	0.689610,	-0.775574,	1.020865,	0.599003,	-0.891434,	0.800985
0.328344,	torso,	0.694700,	-0.716192,	0.980883,	0.590637,	-0.901236,	0.730404
0.428891,	torso,	0.689837,	-0.712958,	0.980514,	0.544413,	-0.909309,	0.628029
0.488894,	torso,	0.694758,	-0.711981,	0.978240,	0.537761,	-0.902949,	0.556457
0.444947,	torso,	0.689837,	-0.712958,	0.980514,	0.523304,	-0.938596,	0.635069
0.519083,	torso,	0.689837,	-0.712958,	0.980514,	0.489028,	-0.970896,	0.577289
0.463099,	torso,	0.689837,	-0.712958,	0.980514,	0.513833,	-0.929417,	0.610881
0.045308,	torso,	0.836606,	-0.436328,	1.141394,	0.860162,	-0.397637,	1.140410
0.294439,	torso,	0.799218,	-0.429111,	1.123500,	0.774022,	-0.142132,	1.062651
0.358191,	torso,	0.781218,	-0.429612,	1.128589,	0.713839,	-0.085224,	1.056773
0.434580,	torso,	0.783632,	-0.424586,	1.157273,	0.659100,	-0.012065,	1.100897
0.481293,	torso,	0.773770,	-0.429225,	1.150420,	0.592016,	0.013102,	1.096060
0.438008,	torso,	0.783632,	-0.424586,	1.157273,	0.688113,	0.001775,	1.126559
0.490633,	torso,	0.771874,	-0.426708,	1.186682,	0.680094,	0.055096,	1.173946
0.452382,	torso,	0.783632,	-0.424586,	1.157273,	0.656024,	0.008730,	1.132728
0.396458,	HEAD_LINK1,	0.696612,	-0.706650,	1.320157,	0.621136,	-0.917323,	0.992896
0.557731,	HEAD_LINK1,	0.680634,	-0.699008,	1.319573,	0.585848,	-0.891653,	0.804823
0.629377,	HEAD_LINK1,	0.680634,	-0.699008,	1.319573,	0.590637,	-0.901236,	0.730404
0.735038,	HEAD_LINK1,	0.666798,	-0.691646,	1.319675,	0.539989,	-0.915570,	0.631156
0.802027,	HEAD_LINK1,	0.666798,	-0.691646,	1.319675,	0.536854,	-0.904249,	0.557335
0.739959,	HEAD_LINK1,	0.666798,	-0.691646,	1.319675,	0.519499,	-0.944138,	0.639903
0.812692,	HEAD_LINK1,	0.666798,	-0.691646,	1.319675,	0.488122,	-0.972196,	0.578167
0.763038,	HEAD_LINK1,	0.666798,	-0.691646,	1.319675,	0.513089,	-0.930474,	0.611465
1.173908,	HEAD_LINK1,	0.695659,	-0.672828,	1.313866,	0.691314,	-0.681762,	0.140000
0.409341,	HEAD_LINK1,	0.773816,	-0.516643,	1.323045,	0.894041,	-0.239849,	1.046475
0.447738,	HEAD_LINK1,	0.740675,	-0.505315,	1.323084,	0.779308,	-0.132755,	1.077776
0.495858,	HEAD_LINK1,	0.740675,	-0.505315,	1.323084,	0.717134,	-0.076687,	1.074891
0.547008,	HEAD_LINK1,	0.740535,	-0.504653,	1.324377,	0.659100,	-0.012065,	1.100897
0.585027,	HEAD_LINK1,	0.740535,	-0.504653,	1.324377,	0.592016,	0.013102,	1.096059
0.546213,	HEAD_LINK1,	0.740535,	-0.504653,	1.324377,	0.688114,	0.001775,	1.126559
0.582753,	HEAD_LINK1,	0.740535,	-0.504653,	1.324377,	0.680094,	0.055096,	1.173946
0.554467,	HEAD_LINK1,	0.740535,	-0.504653,	1.324377,	0.656024,	0.008730,	1.132728
1.176307,	HEAD_LINK1,	0.770159,	-0.544315,	1.315873,	0.782789,	-0.514972,	0.140000
0.410650,	LARM_LINK0,	0.576366,	-0.807330,	1.131198,	0.573927,	-0.909256,	0.733406
0.512915,	LARM_LINK0,	0.576366,	-0.807330,	1.131198,	0.539989,	-0.915570,	0.631156
0.583329,	LARM_LINK0,	0.576366,	-0.807330,	1.131198,	0.536854,	-0.904249,	0.557336
0.537832,	LARM_LINK0,	0.576366,	-0.807330,	1.131198,	0.517714,	-0.924023,	0.609465
0.513149,	LARM_LINK0,	0.576366,	-0.807330,	1.131198,	0.519499,	-0.944138,	0.639903
0.582622,	LARM_LINK0,	0.562227,	-0.839063,	1.140512,	0.488122,	-0.972196,	0.578167
0.537857,	LARM_LINK0,	0.576366,	-0.807330,	1.131198,	0.513089,	-0.930474,	0.611465
0.999309,	LARM_LINK0,	0.602824,	-0.763040,	1.132673,	0.675854,	-0.674243,	0.140000
0.767989,	LARM_LINK0,	0.602267,	-0.751250,	1.171301,	0.590495,	0.012859,	1.095105
0.807244,	LARM_LINK0,	0.595071,	-0.746912,	1.215908,	0.678573,	0.054853,	1.172992
1.037271,	LARM_LINK0,	0.602824,	-0.763040,	1.132673,	0.751576,	-0.518561,	0.135660
0.168157,	LARM_LINK3,	0.613501,	-0.896095,	0.792949,	0.686190,	-0.789915,	0.684696
0.418915,	LARM_LINK3,	0.596434,	-0.888527,	0.797366,	0.519739,	-0.667650,	0.449774
0.690142,	LARM_LINK3,	0.613501,	-0.896095,	0.792949,	0.692301,	-0.701013,	0.135660
0.808363,	LARM_LINK3,	0.632698,	-0.874698,	0.903157,	0.713839,	-0.085224,	1.056773
0.883426,	LARM_LINK3,	0.632698,	-0.874698,	0.903157,	0.652038,	-0.012942,	1.096665
0.908513,	LARM_LINK3,	0.620693,	-0.875378,	0.906643,	0.590495,	0.012859,	1.095105
0.903400,	LARM_LINK3,	0.632698,	-0.874698,	0.903157,	0.681290,	0.000429,	1.122067
0.969010,	LARM_LINK3,	0.632698,	-0.874698,	0.903157,	0.678573,	0.054853,	1.172992
0.912542,	LARM_LINK3,	0.632698,	-0.874698,	0.903157,	0.653687,	0.008579,	1.131440
0.426350,	LARM_LINK3,	0.616029,	-0.895043,	0.800897,	0.821447,	-0.538793,	0.688362
0.546165,	LARM_LINK3,	0.600809,	-0.889792,	0.796171,	0.627426,	-0.469254,	0.448700
0.769517,	LARM_LINK3,	0.613501,	-0.896095,	0.792949,	0.775406,	-0.530152,	0.135660
0.124804,	LARM_LINK3,	0.640185,	-0.878639,	0.901372,	0.705595,	-0.772350,	0.901601
0.212105,	LARM_LINK4,	0.596490,	-0.879413,	0.774385,	0.696897,	-0.694567,	0.747202
0.137503,	LARM_LINK4,	0.597780,	-0.896794,	0.701346,	0.680920,	-0.790585,	0.674614
0.325503,	LARM_LINK4,	0.573151,	-0.891211,	0.680251,	0.519739,	-0.667650,	0.449774
0.583531,	LARM_LINK4,	0.588620,	-0.904094,	0.672816,	0.688335,	-0.699084,	0.135660
0.801523,	LARM_LINK4,	0.597871,	-0.880420,	0.778929,	0.764840,	-0.139787,	1.035880
0.849888,	LARM_LINK4,	0.597871,	-0.880420,	0.778929,	0.721160,	-0.083605,	1.047623
0.925389,	LARM_LINK4,	0.597871,	-0.880420,	0.778929,	0.649768,	-0.012543,	1.095855
0.947612,	LARM_LINK4,	0.597871,	-0.880420,	0.778929,	0.590495,	0.012859,	1.095105
0.948998,	LARM_LINK4,	0.597871,	-0.880420,	0.778929,	0.681290,	0.000429,	1.122067
1.018103,	LARM_LINK4,	0.597871,	-0.880420,	0.778929,	0.678573,	0.054853,	1.172992
0.957966,	LARM_LINK4,	0.597871,	-0.880420,	0.778929,	0.653687,	0.008579,	1.131440
0.332074,	LARM_LINK4,	0.599041,	-0.880388,	0.777175,	0.753194,	-0.587462,	0.750642
0.412339,	LARM_LINK4,	0.576314,	-0.887659,	0.687270,	0.736834,	-0.531393,	0.555622
0.483509,	LARM_LINK4,	0.570340,	-0.887472,	0.684530,	0.627426,	-0.469254,	0.448700
0.680178,	LARM_LINK4,	0.584687,	-0.900129,	0.673693,	0.766700,	-0.525917,	0.135660
0.159071,	LARM_LINK4,	0.607220,	-0.885436,	0.780014,	0.685891,	-0.757548,	0.832542
0.230786,	l_wrist,	0.583906,	-0.895801,	0.728247,	0.696897,	-0.694567,	0.728912
0.143418,	l_wrist,	0.586473,	-0.902305,	0.667913,	0.665250,	-0.783549,	0.651787
0.271337,	l_wrist,	0.540635,	-0.893272,	0.600432,	0.521191,	-0.675159,	0.440206
0.521728,	l_wrist,	0.548761,	-0.896203,	0.599461,	0.668470,	-0.689422,	0.135660
0.764545,	l_wrist,	0.583906,	-0.895801,	0.728247,	0.824869,	-0.225317,	1.005588
0.835517,	l_wrist,	0.574928,	-0.890927,	0.723132,	0.764840,	-0.139787,	1.035880
0.882296,	l_wrist,	0.574928,	-0.890927,	0.723132,	0.721160,	-0.083605,	1.047623
0.957064,	l_wrist,	0.573952,	-0.891195,	0.724111,	0.649768,	-0.012543,	1.095855
0.977356,	l_wrist,	0.573952,	-0.891195,	0.724111,	0.590495,	0.012859,	1.095105
0.982286,	l_wrist,	0.573952,	-0.891195,	0.724111,	0.681290,	0.000429,	1.122067
1.051974,	l_wrist,	0.573952,	-0.891195,	0.724111,	0.657146,	0.058790,	1.168246
0.990893,	l_wrist,	0.573952,	-0.891195,	0.724111,	0.653687,	0.008579,	1.131440
0.351754,	l_wrist,	0.583906,	-0.895801,	0.728247,	0.753194,	-0.587462,	0.728247
0.410459,	l_wrist,	0.549958,	-0.891144,	0.619988,	0.735416,	-0.531178,	0.552854
0.456091,	l_wrist,	0.543493,	-0.893709,	0.599987,	0.634996,	-0.484077,	0.421527
0.631552,	l_wrist,	0.548761,	-0.896203,	0.599461,	0.751576,	-0.518561,	0.135660
0.199681,	l_wrist,	0.585627,	-0.896976,	0.728439,	0.679718,	-0.744755,	0.817028
0.260582,	LARM_LINK6,	0.557522,	-0.902715,	0.589907,	0.709315,	-0.700496,	0.652912
0.147550,	LARM_LINK6,	0.552476,	-0.893835,	0.567151,	0.626728,	-0.766382,	0.563500
0.251632,	LARM_LINK6,	0.550787,	-0.895482,	0.558272,	0.522771,	-0.677987,	0.434863
0.483811,	LARM_LINK6,	0.547855,	-0.899208,	0.554605,	0.668470,	-0.689422,	0.135660
0.828659,	LARM_LINK6,	0.547185,	-0.905051,	0.621492,	0.824869,	-0.225317,	1.005588
0.897062,	LARM_LINK6,	0.547185,	-0.905051,	0.621492,	0.764840,	-0.139787,	1.035880
0.941609,	LARM_LINK6,	0.547185,	-0.905051,	0.621492,	0.721160,	-0.083605,	1.047623
1.015582,	LARM_LINK6,	0.547185,	-0.905051,	0.621492,	0.624981,	-0.006508,	1.088371
1.033800,	LARM_LINK6,	0.547185,	-0.905051,	0.621492,	0.590495,	0.012859,	1.095105
1.043149,	LARM_LINK6,	0.547185,	-0.905051,	0.621492,	0.673575,	0.002550,	1.119934
1.113562,	LARM_LINK6,	0.547185,	-0.905051,	0.621492,	0.657146,	0.058790,	1.168246
1.051717,	LARM_LINK6,	0.547185,	-0.905051,	0.621492,	0.653687,	0.008579,	1.131440
0.375999,	LARM_LINK6,	0.551856,	-0.895676,	0.580672,	0.765458,	-0.593705,	0.648222
0.403954,	LARM_LINK6,	0.552166,	-0.893919,	0.562569,	0.732056,	-0.534064,	0.526203
0.441097,	LARM_LINK6,	0.551574,	-0.894556,	0.560253,	0.638723,	-0.488482,	0.411675
0.600559,	LARM_LINK6,	0.549419,	-0.897184,	0.556068,	0.746162,	-0.529692,	0.123735
0.280802,	LARM_LINK6,	0.547185,	-0.905051,	0.621492,	0.679294,	-0.718910,	0.785042
0.281539,	LHAND_LINK0,	0.551226,	-0.911673,	0.554206,	0.710485,	-0.698091,	0.645222
0.280564,	LHAND_LINK0,	0.555978,	-0.915160,	0.553949,	0.722345,	-0.704435,	0.635394
0.161504,	LHAND_LINK0,	0.538214,	-0.902084,	0.553097,	0.619488,	-0.762577,	0.549101
0.244952,	LHAND_LINK0,	0.529330,	-0.905279,	0.529058,	0.528836,	-0.688846,	0.414349
0.467382,	LHAND_LINK0,	0.526571,	-0.927717,	0.511860,	0.668470,	-0.689422,	0.135660
0.795205,	LHAND_LINK0,	0.555481,	-0.915952,	0.555499,	0.910180,	-0.477674,	1.116260
0.861610,	LHAND_LINK0,	0.538258,	-0.902157,	0.554907,	0.827614,	-0.218082,	0.991584
0.929389,	LHAND_LINK0,	0.537761,	-0.902949,	0.556457,	0.766441,	-0.136042,	1.029029
0.972684,	LHAND_LINK0,	0.537761,	-0.902949,	0.556457,	0.719995,	-0.083048,	1.047037
1.045769,	LHAND_LINK0,	0.537761,	-0.902949,	0.556457,	0.613961,	-0.003825,	1.085044
1.063779,	LHAND_LINK0,	0.537761,	-0.902949,	0.556457,	0.590495,	0.012859,	1.095105
1.075119,	LHAND_LINK0,	0.537761,	-0.902949,	0.556457,	0.673575,	0.002550,	1.119934
1.146072,	LHAND_LINK0,	0.537761,	-0.902949,	0.556457,	0.657146,	0.058790,	1.168246
1.083941,	LHAND_LINK0,	0.537761,	-0.902949,	0.556457,	0.653687,	0.008579,	1.131440
0.394297,	LHAND_LINK0,	0.538258,	-0.902157,	0.554907,	0.765458,	-0.593705,	0.648222
0.398675,	LHAND_LINK0,	0.539178,	-0.902832,	0.554858,	0.772362,	-0.591491,	0.642226
0.416773,	LHAND_LINK0,	0.538214,	-0.902084,	0.553097,	0.726627,	-0.531286,	0.526469
0.445552,	LHAND_LINK0,	0.531979,	-0.905115,	0.530372,	0.646382,	-0.497533,	0.391431
0.593390,	LHAND_LINK0,	0.531979,	-0.905115,	0.530372,	0.745833,	-0.530369,	0.123010
0.324443,	LHAND_LINK0,	0.542513,	-0.906436,	0.556200,	0.697736,	-0.714825,	0.767042
0.258014,	LHAND_LINK1,	0.533097,	-0.899886,	0.566408,	0.521191,	-0.675159,	0.440206
0.299718,	LHAND_LINK2,	0.531753,	-0.940579,	0.627164,	0.709315,	-0.700496,	0.652912
0.200842,	LHAND_LINK2,	0.525050,	-0.935661,	0.627527,	0.639535,	-0.771737,	0.608566
0.315869,	LHAND_LINK2,	0.521171,	-0.939845,	0.612584,	0.521191,	-0.675159,	0.440206
0.549626,	LHAND_LINK2,	0.493340,	-0.974749,	0.571557,	0.668470,	-0.689422,	0.135660
0.858482,	LHAND_LINK2,	0.523304,	-0.938596,	0.635069,	0.824869,	-0.225317,	1.005588
0.925789,	LHAND_LINK2,	0.523304,	-0.938596,	0.635069,	0.764840,	-0.139787,	1.035880
0.969720,	LHAND_LINK2,	0.523304,	-0.938596,	0.635069,	0.721160,	-0.083605,	1.047623
1.041389,	LHAND_LINK2,	0.523304,	-0.938596,	0.635069,	0.614886,	-0.004050,	1.085323
1.058968,	LHAND_LINK2,	0.523304,	-0.938596,	0.635069,	0.590495,	0.012859,	1.095105
1.069314,	LHAND_LINK2,	0.523304,	-0.938596,	0.635069,	0.673575,	0.002550,	1.119934
1.138846,	LHAND_LINK2,	0.523304,	-0.938596,	0.635069,	0.657146,	0.058790,	1.168246
1.077276,	LHAND_LINK2,	0.523304,	-0.938596,	0.635069,	0.653687,	0.008579,	1.131440
0.418381,	LHAND_LINK2,	0.525050,	-0.935661,	0.627527,	0.768048,	-0.595788,	0.649462
0.461398,	LHAND_LINK2,	0.524270,	-0.936118,	0.619297,	0.731229,	-0.530546,	0.544679
0.505682,	LHAND_LINK2,	0.524270,	-0.936118,	0.619297,	0.634995,	-0.484077,	0.421527
0.676619,	LHAND_LINK2,	0.521171,	-0.939845,	0.612584,	0.747008,	-0.527953,	0.125598
0.306921,	LHAND_LINK2,	0.523304,	-0.938596,	0.635069,	0.668797,	-0.732202,	0.809522
0.348568,	LHAND_LINK3,	0.507678,	-0.968231,	0.557200,	0.709315,	-0.700496,	0.652912
0.348727,	LHAND_LINK3,	0.515959,	-0.974325,	0.556817,	0.722345,	-0.704435,	0.635394
0.232417,	LHAND_LINK3,	0.494532,	-0.958584,	0.557911,	0.612748,	-0.758582,	0.551458
0.298126,	LHAND_LINK3,	0.486085,	-0.961170,	0.528641,	0.530871,	-0.692489,	0.407467
0.508733,	LHAND_LINK3,	0.501309,	-0.973840,	0.522923,	0.668470,	-0.689422,	0.135660
0.842938,	LHAND_LINK3,	0.506749,	-0.983899,	0.576330,	0.910180,	-0.477674,	1.116260
0.920214,	LHAND_LINK3,	0.494310,	-0.958982,	0.559197,	0.825251,	-0.224310,	1.003639
0.985644,	LHAND_LINK3,	0.494310,	-0.958982,	0.559197,	0.764840,	-0.139787,	1.035880
1.027707,	LHAND_LINK3,	0.494310,	-0.958982,	0.559197,	0.719995,	-0.083048,	1.047037
1.096884,	LHAND_LINK3,	0.494310,	-0.958982,	0.559197,	0.613961,	-0.003825,	1.085044
1.113968,	LHAND_LINK3,	0.494310,	-0.958982,	0.559197,	0.590495,	0.012859,	1.095105
1.127434,	LHAND_LINK3,	0.494310,	-0.958982,	0.559197,	0.673575,	0.002550,	1.119934
1.197212,	LHAND_LINK3,	0.494310,	-0.958982,	0.559197,	0.657146,	0.058790,	1.168246
1.135358,	LHAND_LINK3,	0.494310,	-0.958982,	0.559197,	0.653687,	0.008579,	1.131440
0.463351,	LHAND_LINK3,	0.494532,	-0.958584,	0.557911,	0.765458,	-0.593705,	0.648222
0.467885,	LHAND_LINK3,	0.497014,	-0.960406,	0.557777,	0.771324,	-0.593626,	0.653395
0.487175,	LHAND_LINK3,	0.494441,	-0.958609,	0.556581,	0.723062,	-0.529312,	0.528736
0.509329,	LHAND_LINK3,	0.486085,	-0.961170,	0.528641,	0.649038,	-0.500671,	0.384410
0.645282,	LHAND_LINK3,	0.501309,	-0.973840,	0.522923,	0.745833,	-0.530368,	0.123010
0.374474,	LHAND_LINK3,	0.552288,	-1.001562,	0.556109,	0.797060,	-0.788001,	0.742412
0.302550,	LHAND_LINK4,	0.519339,	-0.931711,	0.608355,	0.709315,	-0.700496,	0.652912
0.198862,	LHAND_LINK4,	0.514522,	-0.928214,	0.607304,	0.628927,	-0.766730,	0.587796
0.302978,	LHAND_LINK4,	0.514135,	-0.928646,	0.606008,	0.521191,	-0.675159,	0.440206
0.528334,	LHAND_LINK4,	0.492942,	-0.959499,	0.554450,	0.668470,	-0.689422,	0.135660
0.864668,	LHAND_LINK4,	0.514367,	-0.928613,	0.609842,	0.824869,	-0.225317,	1.005588
0.930855,	LHAND_LINK4,	0.514367,	-0.928613,	0.609842,	0.764840,	-0.139787,	1.035880
0.973859,	LHAND_LINK4,	0.514367,	-0.928613,	0.609842,	0.719995,	-0.083048,	1.047037
1.044494,	LHAND_LINK4,	0.514367,	-0.928613,	0.609842,	0.613961,	-0.003825,	1.085044
1.061906,	LHAND_LINK4,	0.514367,	-0.928613,	0.609842,	0.590495,	0.012859,	1.095105
1.073595,	LHAND_LINK4,	0.514367,	-0.928613,	0.609842,	0.673575,	0.002550,	1.119934
1.143313,	LHAND_LINK4,	0.514367,	-0.928613,	0.609842,	0.657146,	0.058790,	1.168246
1.081575,	LHAND_LINK4,	0.514367,	-0.928613,	0.609842,	0.653687,	0.008579,	1.131440
0.419988,	LHAND_LINK4,	0.519339,	-0.931711,	0.608355,	0.768048,	-0.595788,	0.649462
0.456924,	LHAND_LINK4,	0.514522,	-0.928214,	0.607304,	0.724122,	-0.529472,	0.530805
0.496268,	LHAND_LINK4,	0.514135,	-0.928646,	0.606008,	0.634996,	-0.484077,	0.421527
0.658665,	LHAND_LINK4,	0.490848,	-0.956663,	0.555557,	0.745833,	-0.530369,	0.123010
0.318514,	LHAND_LINK4,	0.578804,	-0.975896,	0.606357,	0.797060,	-0.788001,	0.742412
0.566648,	LLEG_LINK0,	0.728394,	-0.629811,	0.753632,	0.765860,	-0.137400,	1.031513
0.620342,	LLEG_LINK0,	0.728394,	-0.629811,	0.753632,	0.721160,	-0.083605,	1.047623
0.709950,	LLEG_LINK0,	0.728394,	-0.629811,	0.753632,	0.652038,	-0.012943,	1.096665
0.740706,	LLEG_LINK0,	0.728394,	-0.629811,	0.753632,	0.590495,	0.012859,	1.095105
0.731551,	LLEG_LINK0,	0.728394,	-0.629811,	0.753632,	0.681290,	0.000429,	1.122067
0.804431,	LLEG_LINK0,	0.728394,	-0.629811,	0.753632,	0.678573,	0.054853,	1.172992
0.745562,	LLEG_LINK0,	0.728394,	-0.629811,	0.753632,	0.653687,	0.008579,	1.131440
0.794936,	LLEG_LINK1,	0.740546,	-0.648266,	0.679989,	0.590495,	0.012859,	1.095105
0.860970,	LLEG_LINK1,	0.740546,	-0.648266,	0.679989,	0.678573,	0.054853,	1.172992
0.589032,	LLEG_LINK2,	0.732246,	-0.713374,	0.687364,	0.827614,	-0.218082,	0.991584
0.669964,	LLEG_LINK2,	0.715270,	-0.706450,	0.681030,	0.767785,	-0.132896,	1.023273
0.722745,	LLEG_LINK2,	0.715270,	-0.706450,	0.681030,	0.721160,	-0.083605,	1.047623
0.810989,	LLEG_LINK2,	0.715270,	-0.706450,	0.681030,	0.652038,	-0.012943,	1.096665
0.839305,	LLEG_LINK2,	0.715270,	-0.706450,	0.681030,	0.590495,	0.012859,	1.095105
0.833875,	LLEG_LINK2,	0.715270,	-0.706450,	0.681030,	0.681290,	0.000429,	1.122067
0.907169,	LLEG_LINK2,	0.715270,	-0.706450,	0.681030,	0.678573,	0.054853,	1.172992
0.847307,	LLEG_LINK2,	0.715270,	-0.706450,	0.681030,	0.653687,	0.008579,	1.131440
0.117621,	LLEG_LINK2,	0.697391,	-0.649731,	0.471552,	0.749316,	-0.544205,	0.473213
0.105436,	LLEG_LINK2,	0.630260,	-0.615980,	0.358054,	0.671284,	-0.519364,	0.348100
0.263393,	LLEG_LINK2,	0.655040,	-0.630417,	0.353708,	0.751576,	-0.518561,	0.135660
0.712456,	LLEG_LINK3,	0.552355,	-0.602846,	0.457026,	0.830428,	-0.213420,	0.984867
0.765288,	LLEG_LINK3,	0.552355,	-0.602846,	0.457026,	0.752588,	-0.119595,	1.015633
0.802699,	LLEG_LINK3,	0.552355,	-0.602846,	0.457026,	0.723815,	-0.078927,	1.040496
0.869107,	LLEG_LINK3,	0.552355,	-0.602846,	0.457026,	0.613437,	0.003366,	1.076803
0.885591,	LLEG_LINK3,	0.552355,	-0.602846,	0.457026,	0.596768,	0.026268,	1.078730
0.905046,	LLEG_LINK3,	0.552355,	-0.602846,	0.457026,	0.677192,	0.008412,	1.112684
0.973049,	LLEG_LINK3,	0.552355,	-0.602846,	0.457026,	0.683236,	0.100979,	1.116060
0.911219,	LLEG_LINK3,	0.552355,	-0.602846,	0.457026,	0.682617,	0.055474,	1.073441
0.105487,	LLEG_LINK3,	0.634198,	-0.602255,	0.345087,	0.684879,	-0.510700,	0.358374
0.090773,	LLEG_LINK3,	0.634773,	-0.602527,	0.344766,	0.674905,	-0.521117,	0.346008
0.094090,	LLEG_LINK3,	0.749601,	-0.659711,	0.080060,	0.789965,	-0.580924,	0.048180
1.014445,	l_ankle,	0.790522,	-0.722088,	0.137220,	0.911978,	-0.472380,	1.112922
0.970266,	l_ankle,	0.683237,	-0.659063,	0.135660,	0.830428,	-0.213420,	0.984867
1.033271,	l_ankle,	0.683237,	-0.659063,	0.135660,	0.775286,	-0.123832,	1.014695
1.073993,	l_ankle,	0.683237,	-0.659063,	0.135660,	0.726171,	-0.073036,	1.034654
1.152526,	l_ankle,	0.670369,	-0.656941,	0.133710,	0.616365,	0.002387,	1.077472
1.168380,	l_ankle,	0.670369,	-0.656941,	0.133710,	0.598451,	0.025755,	1.079155
1.183274,	l_ankle,	0.683237,	-0.659063,	0.135660,	0.677192,	0.008412,	1.112685
1.240503,	l_ankle,	0.683237,	-0.659063,	0.135660,	0.683235,	0.100979,	1.116060
1.178981,	l_ankle,	0.683237,	-0.659063,	0.135660,	0.682617,	0.055474,	1.073441
0.259792,	l_ankle,	0.683237,	-0.659063,	0.135660,	0.709864,	-0.520339,	0.353693
0.094312,	l_ankle,	0.755997,	-0.650762,	0.048180,	0.793076,	-0.570589,	0.081231
0.072000,	l_ankle,	0.835957,	-0.686506,	0.000000,	0.867449,	-0.621759,	0.000000
0.302528,	RARM_LINK0,	0.845774,	-0.330881,	1.185181,	0.725484,	-0.079680,	1.067064
0.378931,	RARM_LINK0,	0.845774,	-0.330881,	1.185181,	0.660346,	-0.010949,	1.102420
0.436584,	RARM_LINK0,	0.845774,	-0.330881,	1.185181,	0.592964,	0.014037,	1.097288
0.393729,	RARM_LINK0,	0.845774,	-0.330881,	1.185181,	0.650990,	0.006557,	1.128460
0.372764,	RARM_LINK0,	0.845774,	-0.330881,	1.185181,	0.688114,	0.001775,	1.126559
0.420183,	RARM_LINK0,	0.845774,	-0.330881,	1.185181,	0.680094,	0.055096,	1.173946
0.390525,	RARM_LINK0,	0.845774,	-0.330881,	1.185181,	0.681585,	0.022284,	1.156437
0.979001,	RARM_LINK0,	0.914141,	-0.467647,	1.111745,	0.873699,	-0.550794,	0.137120
0.375482,	RARM_LINK3,	0.925249,	-0.244653,	0.991247,	0.870778,	-0.463763,	0.691229
0.587546,	RARM_LINK3,	0.830428,	-0.213420,	0.984867,	0.656969,	-0.394379,	0.453476
0.893550,	RARM_LINK3,	0.838305,	-0.205317,	0.980189,	0.766342,	-0.488202,	0.135660
0.242025,	RARM_LINK3,	0.824776,	-0.228316,	1.013698,	0.782952,	-0.456837,	0.945842
0.475397,	RARM_LINK4,	0.767785,	-0.132896,	1.023273,	0.784432,	-0.523236,	0.752422
0.471616,	RARM_LINK4,	0.775286,	-0.123832,	1.014695,	0.852588,	-0.454956,	0.687889
0.631473,	RARM_LINK4,	0.755848,	-0.110029,	1.008567,	0.656969,	-0.394379,	0.453476
0.947783,	RARM_LINK4,	0.781074,	-0.100842,	1.000546,	0.766342,	-0.488202,	0.135660
0.329062,	RARM_LINK4,	0.764840,	-0.139787,	1.035880,	0.778251,	-0.455721,	0.944842
0.532547,	r_wrist,	0.725227,	-0.079445,	1.040781,	0.784432,	-0.523236,	0.752422
0.530737,	r_wrist,	0.727575,	-0.073207,	1.034762,	0.852588,	-0.454956,	0.687889
0.667696,	r_wrist,	0.726171,	-0.073036,	1.034654,	0.656969,	-0.394379,	0.453476
0.990269,	r_wrist,	0.727653,	-0.062832,	1.029078,	0.766342,	-0.488202,	0.135660
0.390248,	r_wrist,	0.721160,	-0.083605,	1.047623,	0.778251,	-0.455721,	0.944842
0.629628,	RARM_LINK6,	0.652038,	-0.012943,	1.096665,	0.784432,	-0.523236,	0.752422
0.632420,	RARM_LINK6,	0.655655,	-0.007081,	1.089415,	0.840702,	-0.455690,	0.683875
0.740569,	RARM_LINK6,	0.616365,	0.002387,	1.077472,	0.656969,	-0.394379,	0.453476
1.071457,	RARM_LINK6,	0.617577,	0.002037,	1.077794,	0.753474,	-0.486080,	0.133710
0.484426,	RARM_LINK6,	0.652038,	-0.012943,	1.096665,	0.773691,	-0.456034,	0.943242
0.665149,	RHAND_LINK0,	0.592060,	0.015395,	1.091968,	0.784432,	-0.523236,	0.752422
0.721757,	RHAND_LINK0,	0.598451,	0.025755,	1.079155,	0.796404,	-0.542062,	0.679991
0.667689,	RHAND_LINK0,	0.598451,	0.025755,	1.079155,	0.837353,	-0.446710,	0.672324
0.755917,	RHAND_LINK0,	0.598451,	0.025755,	1.079155,	0.656969,	-0.394379,	0.453476
1.086220,	RHAND_LINK0,	0.598451,	0.025755,	1.079155,	0.753474,	-0.486080,	0.133710
0.525783,	RHAND_LINK0,	0.592016,	0.013102,	1.096059,	0.773691,	-0.456034,	0.943242
0.741022,	RHAND_LINK1,	0.644707,	0.029535,	1.061145,	0.656969,	-0.394379,	0.453476
0.649232,	RHAND_LINK2,	0.681290,	0.000429,	1.122067,	0.784432,	-0.523236,	0.752422
0.650488,	RHAND_LINK2,	0.684906,	0.006291,	1.114817,	0.852588,	-0.454956,	0.687889
0.772790,	RHAND_LINK2,	0.677192,	0.008412,	1.112684,	0.656969,	-0.394379,	0.453476
1.099424,	RHAND_LINK2,	0.677192,	0.008412,	1.112684,	0.753474,	-0.486080,	0.133710
0.498872,	RHAND_LINK2,	0.681290,	0.000429,	1.122067,	0.775209,	-0.455930,	0.943774
0.722671,	RHAND_LINK3,	0.680137,	0.057389,	1.169855,	0.784432,	-0.523236,	0.752422
0.781414,	RHAND_LINK3,	0.686529,	0.067749,	1.157042,	0.808595,	-0.535744,	0.675893
0.721308,	RHAND_LINK3,	0.684510,	0.100806,	1.116555,	0.847329,	-0.450393,	0.680717
0.827699,	RHAND_LINK3,	0.683236,	0.100979,	1.116060,	0.656969,	-0.394379,	0.453476
1.146552,	RHAND_LINK3,	0.683236,	0.100979,	1.116060,	0.753474,	-0.486080,	0.133710
0.568044,	RHAND_LINK3,	0.678573,	0.054853,	1.172992,	0.778251,	-0.455721,	0.944842
0.665889,	RHAND_LINK4,	0.657125,	0.011897,	1.127700,	0.784432,	-0.523236,	0.752422
0.660995,	RHAND_LINK4,	0.683922,	0.055333,	1.073978,	0.837353,	-0.446710,	0.672324
0.766408,	RHAND_LINK4,	0.682617,	0.055474,	1.073441,	0.656969,	-0.394379,	0.453476
1.086920,	RHAND_LINK4,	0.682617,	0.055474,	1.073441,	0.753474,	-0.486080,	0.133710
0.515214,	RHAND_LINK4,	0.654992,	0.008438,	1.131977,	0.773691,	-0.456034,	0.943242
